111111111111111111111111110110100011000010111110 
000000000000000000000000010000101000111101011100 
000000000000000000000000000100100110011110100001 
111111111111111111111111101111101110100010100111 
000000000000000000000000000101000110111010011000 
111111111111111111111111110011101011100110001100 
000000000000000000000000001011000101000001001000 
000000000000000000000000001110100101000111101100 
111111111111111111111111111001010101111101110000 
111111111111111111111111110001011010101001100101 
000000000000000000000000001010100111100110100111 
111111111111111111111111111000101111101001000100 
111111111111111111111111110110000110000101111100 
111111111111111111111111110100000000001011011110 
111111111111111111111111101110110000101010100110 
000000000000000000000000000010000100111000111100 
111111111111111111111111111100001001110000001111 
000000000000000000000000001010000000010011101010 
111111111111111111111111111111011111001011100101 
111111111111111111111111111011011001000100000000 
111111111111111111111111101110011101001101011011 
111111111111111111111111110100100011000010111110 
000000000000000000000000000001110000010011101010 
111111111111111111111111111100011011001111010000 
000000000000000000000000010000000010011101010010 
111111111111111111111111101110010000000110100011 
111111111111111111111111111101101111011000101011 
000000000000000000000000000001100000110010110011 
111111111111111111111111110001010111001100011001 
000000000000000000000000000001101000110101010000 
000000000000000000000000001110010010110111100000 
111111111111111111111111110011111010111011100110 
111111111111111111111111110010001110010111001001 
111111111111111111111111101110011101001000100000 
000000000000000000000000000110011100010101101101 
111111111111111111111111101100101111100111011011 
111111111111111111111111110111101001001101110101 
000000000000000000000000010010111100111110101011 
000000000000000000000000001010100101011110101000 
111111111111111111111111110101101111110100100010 
000000000000000000000000000111010010001110100011 
111111111111111111111111110001100000111001010110 
000000000000000000000000000101001100010100000101 
000000000000000000000000001110010001111100100001 
000000000000000000000000001111111111011111001111 
111111111111111111111111111001111011110100111100 
111111111111111111111111111111011100111101000010 
000000000000000000000000000111001011100100100100 
000000000000000000000000001000001010100011000001 
111111111111111111111111111110011011110110100101 
111111111111111111111111111010100100100010000000 
111111111111111111111111110111001101011111011100 
111111111111111111111111101111000011000100100111 
111111111111111111111111111101110010001110100011 
111111111111111111111111110010101000001101111011 
111111111111111111111111111011111100110011001101 
000000000000000000000000010000110100101011110101 
000000000000000000000000000000011101000000010100 
000000000000000000000000010000100100001100101101 
111111111111111111111111101111101011010101110100 
000000000000000000000000010011101110001011101011 
111111111111111111111111101111110110110111000110 
111111111111111111111111111000100001101010100000 
000000000000000000000000001011011010100100101010 
000000000000000000000000000100000110001001001110 
111111111111111111111111111110101000101110101100 
111111111111111111111111110111111011001101101000 
111111111111111111111111110001010100111010100101 
111111111111111111111111110111110011001110011100 
111111111111111111111111110010101010100100101010 
111111111111111111111111111000101011110001101010 
111111111111111111111111110000011001001100001100 
000000000000000000000000001101010010001001101000 
000000000000000000000000010010110111010001010100 
111111111111111111111111110100101110110001010111 
000000000000000000000000001000001111100100001001 
111111111111111111111111101101100011110111011001 
000000000000000000000000000100101001101110100110 
000000000000000000000000000110110001100011111100 
111111111111111111111111101101011111001110110110 
111111111111111111111111101100001000100001100110 
111111111111111111111111110001101100101100101001 
000000000000000000000000001110011111110001010000 
111111111111111111111111110111000010101010011001 
000000000000000000000000000001010001001000000110 
000000000000000000000000000000111000111000100010 
000000000000000000000000000010101101000110110111 
111111111111111111111111111001010100100011101001 
111111111111111111111111111100100010010110101111 
111111111111111111111111111100100100101111000111 
000000000000000000000000010011010110110101011101 
111111111111111111111111101110010011110100001000 
111111111111111111111111111011110111001001000111 
000000000000000000000000001011101001110001111000 
000000000000000000000000000011110001001000000110 
111111111111111111111111111000011000011110010100 
000000000000000000000000010000000100100110111010 
111111111111111111111111101111101110011010011011 
111111111111111111111111111000110000101101111000 
000000000000000000000000001111011110100111100010 
