1111111111111111111111111 
1111111111111111111111111 
1111111111111111111111111 
1111111111111111111111111 
1111111111111111111111111 
1111111111111111111111111 
1111111111111111111111111 
0001111001011101010111110 
1111111111111111111111111 
1111111111111111111111111 
1111111111111111111111111 
0100111001111100000001010 
1111111111111111111111111 
1111111111111111111111111 
1111111111111111111111111 
1111111111111111111111111 
1111111111111111111111111 
1111111111111111111111111 
1111111111111111111111111 
1111111111111111111111111 
1111111111111111111111111 
1111111111111111111111111 
1111111111111111111111111 
1111111111111111111111111 
1111111111111111111111111 
1111111111111111111111111 
1111111111111111111111111 
1111111111111111111111111 
1111111111111111111111111 
1111111111111111111111111 
1111111111111111111111111 
1111111111111111111111111 
1111111111111111111111111 
1111111111111111111111111 
1111111111111111111111111 
1111111111111111111111111 
1111111111111111111111111 
1111111111111111111111111 
0100011011111001111100001 
1111111111111111111111111 
1111111111111111111111111 
0101101101101001110011000 
1111111111111111111111111 
1111111111111111111111111 
1111111111111111111111111 
1111111111111111111111111 
1111111111111111111111111 
1111111111111111111111111 
1111111111111111111111111 
1111111111111111111111111 
1111111111111111111111111 
1111111111111111111111111 
1111111111111111111111111 
1111111111111111111111111 
1111111111111111111111111 
1111111111111111111111111 
1111111111111111111111111 
1111111111111111111111111 
1111111111111111111111111 
1111111111111111111111111 
1111111111111111111111111 
1111111111111111111111111 
1111111111111111111111111 
0000101011111011100000101 
1111111111111111111111111 
1111111111111111111111111 
0101100100111001101101110 
1111111111111111111111111 
1111111111111111111111111 
1111111111111111111111111 
1111111111111111111111111 
1111111111111111111111111 
1111111111111111111111111 
1111111111111111111111111 
0010000011111000101010001 
1111111111111111111111111 
1111111111111111111111111 
1111111111111111111111111 
1111111111111111111111111 
1111111111111111111111111 
1111111111111111111111111 
1111111111111111111111111 
1111111111111111111111111 
1111111111111111111111111 
1111111111111111111111111 
1111111111111111111111111 
1111111111111111111111111 
0111101100000110011000001 
1111111111111111111111111 
1111111111111111111111111 
1111111111111111111111111 
1111111111111111111111111 
1111111111111111111111111 
1111111111111111111111111 
1111111111111111111111111 
1111111111111111111111111 
0100001100101010001001100 
1111111111111111111111111 
1111111111111111111111111 
1111111111111111111111111 
