000000111000100010100111000111011110011010011011 
000000010110101110110010111111101100010101101101 
000000111011110010010001110100010100111000111100 
111110100110010101100110110011110100000111110010 
000000000000010011001001100001011111000001101111 
111111011111100001010001111010111000010100011111 
111110111000010010000111111111001011100100100100 
111111110001011101110011000110001111110001010000 
111110000101010111010110001110001000011001011010 
111110000011011011110000000001101000110110111000 
111111101101010010001110100010100111000111011111 
000000110001011101110011000110001111110001010000 
111111000110001111100100001001011010111011100111 
111111000011010011011101001011110001101010100000 
000000010000010000011111001000010010110101110111 
000000000000011100111000000111010111110111000000 
000000001110011110111011001011111110110001010111 
111111000110000110101001111110111110011101101100 
000000000011001100001011111000001101111011010011 
000000110110110110111000101110101100011100010001 
111110010101111100011010100111111011111001110111 
111111101010000110010110010100101011110100111101 
111111110100001110101111101101111110100100010000 
111111101000111101110110010111111101100010101101 
111110111101101000010110000111100100111101110111 
000001101010100100001001011010111011100110001101 
111111000110111001000010010110101110111001100011 
111111100010000001010101001100100110000101111100 
111110000001111111101100010101101101010111010000 
111111001110111100001101100001000100110100000001 
000000101011100011000001010101001100100110000110 
111111000111000100100110111010010111100011010101 
111111011000110011010011010110101000010110000111 
000001010001000010101010011001001100001011111000 
000000000111101010011001001100001011111000001110 
111111011010111010010000111111111001011100100100 
000001001000100001000100110100000001001110101001 
000000100101001111000011011000010001001101000001 
111111011011000000000000000000000000000000000000 
111111101011111000100001100101100101001010111101 
111110111111000011010001101101110001011101011001 
111111010110011010000000100111010100100101010001 
111110111011011001010010101111010011110000110110 
000000100110100001010001111010111000010100011111 
111110111000001110111100110100110101101010000101 
111110111111001100110011001100110011001100110011 
111110111100101001110001110111100110100110101101 
000000001100111001100011000111111000101000001001 
111111010000000111111000101000001001000000101110 
000001000110000101101111000000000110100011011100 
000001100000010111110110111111010010000111111111 
111110101100101110110010111111101100010101101101 
000001011011001000100110100000001001110101001001 
111110011101011010001101101110001011101011000111 
111101111010011010001101101110001011101011000111 
000000000000011001011111110110001010110110101100 
000001111011011110110100101000100011001110011100 
000000011110101111001101001101011010100001011000 
000001011111010101100000010000011000100100110111 
111111110101010111111101100010101101101010111010 
111111000010011111110110001010110110101011101000 
000000111001111110100100001111111110010111001001 
000000100111110010111001001000111010001010011100 
000001110100100011100010000110010110010100101100 
111110001010000100100000010110111100000000011010 
111111111101000111001010110000001000001100010010 
000000010010111000011011000010001001101000000011 
000000000001000001010101001100100110000101111100 
000000010110011111110110001010110110101011101000 
000010001110001101100001000100110100000001001111 
000000111011000100111010100100101010001100000101 
000010011110101111000000000110100011011011100011 
111110111010001001110101001001010100011000001011 
111111000101010010101000110000010101010011001001 
000001111000000011011110110100101000100011001111 
111110101100100001111111110010111001001000111010 
000000010110010011101010010010101000110000010101 
000000001001111000111011110011010011010110101000 
111111110000000011011000010001001101000000010100 
000001000111111100100001001011010111011100110001 
111111001010111100011010100111111011111001110111 
000000010110100001010001111010111000010100011111 
111110101001011001101100111101000001111100100001 
000010000110110010101100000010000011000100100111 
000001111000001101100111101000001111100100001010 
000000001101110110000100010011010000000100111010 
000001100100001011110001101010011111101111101000 
000000010011001000001100010010011011101001011111 
000000010001011110000110110000100010011010000001 
111110101110100111100001101100001000100110100000 
000001000001000101010100110010011000010111110000 
000000100000000011011110110100101000100011001111 
000000010010111011010010100010001100111001110001 
111111000000110000011011110110100101000100011010 
000000001101100100010110100001110010101100000010 
111110101010001001101000000010011101010010010101 
000000011011100001011111000001101111011010010100 
111111111111000010011101010010010101000110000011 
111111111000110001001001101110100101111000110101 
111110001011001000100110100000001001110101001010 
