111111000101011100111110 
000110001000110011100111 
010010101010011100011101 
111000100001010110110101 
101111000011101011111011 
001011101010000010010000 
111010100111010111110110 
000011011001110110110010 
110011010101010110011011 
101111000100111010100100 
110010001001010111101001 
001101000100110100000001 
111000000010011101010010 
111011010110101110111001 
000110000001111010111000 
001100101100011101111001 
001010101001101001101011 
111010111101111001101001 
110011100110000010101010 
000101110111000010100011 
101100001001001111011101 
110111010100001100101100 
000101100010110100001110 
000011101011101100101111 
111001000000101111100000 
010011100011101101100100 
110000111011011111101001 
001001011011110110100101 
110010010000111100100111 
111101011000101101000011 
001101010010100010001100 
111010011001010111101001 
101111000011001011001010 
000010010001101111011010 
110110111101010000101100 
110001010010000011000100 
000111111111000110101001 
111111011011111001110110 
110011010011110000110110 
110000000011000110001111 
110100000100000010110111 
110001011000111101011100 
111000111100111001110000 
010010000001011010000111 
000001010010010000001011 
110101111010000101100001 
111101011111011011111101 
000110110000110111101101 
000001111010000111001010 
000100010111001010110000 
001110100001100111001110 
111011001110100101111000 
001001111101010101100110 
110010010001001001101110 
101110010100110010011000 
111001100101101010000101 
001100101011111110110001 
111011000110100001110010 
010010111001110110110010 
000100001101100111101000 
111001100001111001001111 
010001000111101000001111 
001111111011111101001000 
001110000001110100010100 
110110010001011000011110 
110111011010111000010100 
001011001100101011000000 
001000000011100101011000 
111111101100110100110101 
010010101101001111000011 
111111000010111110000011 
010011110010111110000011 
111111100111111000101000 
000000001000110101001111 
001010110000000011010001 
111011100001011111000001 
111110001000010110000111 
110001010100000110001001 
001010010101110010010001 
000010100111000000111010 
000101111100100001001011 
001011111011000010001001 
110100110100010110100001 
001110010100001100101100 
010000001100000110111101 
110111101011100100100011 
001001000010001110100010 
111001100100111111011111 
110110111010000011111001 
110010110011111001000010 
000110100011111001000010 
000001011011110001101010 
001101001010100001011000 
110110101100011100010000 
110011000010111110000011 
111101001111110110001010 
111111000001101100001000 
001011011010001010011100 
110001001110011101101100 
101110000011011110110100 
